image_width: 1280
image_height: 1024
camera_name: camera
camera_matrix:
  rows: 3
  cols: 3
  data: [646.7882841692355, 0, 641.2033996196193, 0, 646.6851571820044, 515.1090512698566, 0, 0, 1]
distortion_model: plumb_bob
distortion_coefficients:
  rows: 1
  cols: 5
  data: [-0.1420192619463601, 0.02261291520537641, -0.0006433816187250705, -6.726991959411866e-05, 0]
rectification_matrix:
  rows: 3
  cols: 3
  data: [1, 0, 0, 0, 1, 0, 0, 0, 1]
projection_matrix:
  rows: 3
  cols: 4
  data: [549.0543212890625, 0, 641.3827513094875, 0, 0, 584.9161376953125, 514.6319617513727, 0, 0, 0, 1, 0]